#CAMERA
NEAR -1.0
FAR 1.0
FOV 1.0
SPEED 10.0

Width: 32
Height: 18
Horizontal wall: 27
Player: 1
Target: 1
Spawn: 0
Obstacle: 1
2 2 2 2 2 2 2 2 2 2 2 2 2 2 2 2 2 2 2 2 2 2 2 2 2 2 2 2 2 2 2 2
2 2 2 2 2 2 2 2 2 2 2 2 2 2 2 2 2 2 2 2 2 2 2 2 2 2 2 2 2 2 2 2
2 2 2 2 2 2 2 2 2 2 2 2 2 2 2 2 2 2 2 2 2 2 2 2 2 2 2 2 2 2 2 2
2 2 2 2 2 2 2 2 2 2 2 2 2 2 2 2 2 6 1 1 1 1 1 7 2 2 2 2 2 2 2 2
2 2 2 2 2 2 2 2 2 2 2 2 2 2 2 2 2 10 0 0 0 0 13 11 2 2 2 2 2 2 2 2
2 2 2 2 2 2 2 2 2 2 2 2 2 2 2 2 2 10 0 13 0 0 13 11 2 2 2 2 2 2 2 2
2 2 2 2 2 2 2 2 2 2 2 2 2 2 2 2 2 10 0 13 0 0 13 11 2 2 2 2 2 2 2 2
2 2 2 2 2 2 2 2 2 2 2 2 2 2 2 2 2 10 0 13 0 0 0 11 2 2 2 2 2 2 2 2
2 2 2 2 2 2 2 2 2 2 6 1 1 7 6 1 1 15 16 1 1 7 0 11 2 2 2 2 2 2 2 2
2 2 2 2 2 2 2 2 2 2 10 44 0 11 10 0 0 0 11 0 0 0 0 11 2 2 2 2 2 2 2 2
2 2 2 2 2 2 2 2 2 2 8 1 17 14 15 85 16 1 9 0 16 1 1 9 2 2 2 2 2 2 2 2
2 2 2 2 2 2 2 2 2 2 2 2 10 0 0 0 11 0 0 0 11 2 2 2 2 2 2 2 2 2 2 2
2 2 2 2 2 2 2 2 2 2 2 2 8 1 1 1 9 0 0 0 11 2 2 2 2 2 2 2 2 2 2 2
2 2 2 2 2 2 2 2 2 2 2 2 2 2 2 2 10 22 0 0 11 2 2 2 2 2 2 2 2 2 2 2
2 2 2 2 2 2 2 2 2 2 2 2 2 2 2 2 8 1 1 1 9 2 2 2 2 2 2 2 2 2 2 2
2 2 2 2 2 2 2 2 2 2 2 2 2 2 2 2 2 2 2 2 2 2 2 2 2 2 2 2 2 2 2 2
2 2 2 2 2 2 2 2 2 2 2 2 2 2 2 2 2 2 2 2 2 2 2 2 2 2 2 2 2 2 2 2
2 2 2 2 2 2 2 2 2 2 2 2 2 2 2 2 2 2 2 2 2 2 2 2 2 2 2 2 2 2 2 2
Star: 46 40 34